Anno,Spesa_1,Spesa_2,Spesa_3,Spesa_4,Spesa_5,Spesa_6,Spesa_7,Spesa_8,Spesa_9,Spesa_10,Spesa_11,Spesa_12,Spesa_TOT,Reddito
1997,405.29,45.06,208.74,715.53,121.06,106.81,348.49,69.49,198.51,11.49,135.8,250.63,2616.9,3380.12
1998,393.36,42.8,180.24,708.62,117.43,101.67,350.91,71.34,183.24,8.15,150.31,250.88,2558.95,3442.93
1999,397.04,42.7,200.99,723.44,119.97,100.18,319.22,75.76,199.42,8.64,164.12,244.41,2595.89,3451.75
2000,420.78,41.39,182.56,735.4,140.39,99.64,330.26,80.59,214.09,8.12,173.69,235.59,2662.5,3460.58
2001,416.05,40.4,205.2,769.1,122.95,91.88,311.98,74.61,192.58,8.58,180.29,249.3,2662.92,3562.49
2002,419.85,42.35,188.96,824.87,120.73,97.57,303.19,73.89,191.96,6.35,157.92,243.46,2671.1,3664.41
2003,440.69,46.48,205.93,831.45,129.38,101.82,328.8,78.31,205.45,10.03,185.35,266.21,2829.9,3572.42
2004,461.06,47.01,204.0,944.48,146.59,106.3,324.51,78.45,203.46,11.14,191.65,265.38,2984.03,3480.43
2005,462.09,49.2,215.19,935.1,140.93,116.96,352.0,79.03,201.58,7.99,210.73,272.0,3042.8,3621.13
2006,463.79,47.64,198.93,941.14,137.51,94.9,411.65,78.02,204.57,8.62,208.12,252.35,3047.24,3761.83
2007,445.29,47.35,197.43,984.4,140.92,125.2,402.31,80.0,187.62,8.12,178.86,256.33,3053.83,3701.76
2008,462.28,46.58,200.21,1000.02,125.94,96.53,372.9,81.85,196.78,9.66,214.61,264.09,3071.45,3641.69
2009,446.84,42.96,179.12,1010.6,138.86,90.15,390.99,81.3,208.73,8.61,218.08,256.3,3072.54,3656.65
2010,448.78,49.77,174.97,1048.0,139.17,96.95,384.69,84.44,212.9,8.78,194.6,246.82,3089.87,3671.61
2011,460.57,47.94,179.5,1082.57,130.05,97.32,444.26,79.79,203.62,8.88,203.64,244.74,3182.88,3454.15
2012,445.6,46.92,159.84,1080.06,113.64,90.92,377.57,78.84,177.42,10.36,193.41,239.38,3013.96,3236.69
2013,433.91,44.26,140.82,1079.89,99.01,101.7,328.84,76.08,168.36,11.27,176.44,233.17,2893.75,3207.93
2014,434.09,50.4,166.41,1065.76,122.15,134.26,330.85,69.92,145.83,20.05,142.34,268.0,2950.06,3179.17
2015,445.28,51.19,172.44,1062.67,139.52,148.25,357.6,65.8,160.84,22.79,166.13,238.13,3030.64,3167.50
2016,451.45,53.89,179.56,969.81,143.62,159.08,377.01,67.95,177.48,21.3,191.24,247.98,3040.38,3155.83
2017,474.95,51.0,155.85,1026.63,137.79,157.21,375.41,71.29,162.92,24.14,183.55,230.54,3051.28,3155.83
